<?xml version="1.0"?> 
<opencv_storage>
<intrinsics_penne type_id="opencv-matrix">
  <rows>5</rows> 
  <cols>1</cols> 
  <dt>d</dt> 
  <data> 
   0.003343798172397  
  -0.008605111213192
   0.001050431994231  
  -0.003708423917930
   0.000000000000000
  </data></intrinsics_penne> 
</opencv_storage> 

