<?xml version="1.0"?> 
<opencv_storage>
<intrinsics_penne type_id="opencv-matrix">
  <rows>3</rows> 
  <cols>3</cols> 
  <dt>d</dt> 
  <data> 
    1.429048514413272e+03    -0.001650871735667e+03  0.947426846454544e+03
    0.000000000000000e+00    1.419334355159160e+03   0.553650525559872e+03
    0.000000000000000e+00    0.000000000000000e+00   0.001000000000000e+03
  </data></intrinsics_penne> 
</opencv_storage> 


